1
2
3
4
7
8
11
12
16
17
18
21
23
25
26
27
28
29
30
33
34
35
36
37
41
42
44
45
47
48
51
52
53
55
58
59
60
65
66
67
70
72
73
74
76
77
78
81
83
84
85
86
87
88
89
93
96
98
99
101
103
105
106
108
109
110
113
115
116
117
118
121
124
126
127
128
130
131
132
134
136
137
138
139
145
149
150
153
156
157
158
159
160
161
162
163
164
165
168
171
172
174
179
181
182
183
184
185
186
187
190
191
192
193
194
195
197
198
199
204
207
209
210
211
212
213
214
215
216
217
220
221
222
223
225
226
229
231
232
235
238
241
242
245
247
248
251
252
253
256
257
259
261
262
263
268
269
270
271
272
273
274
275
277
278
284
285
286
291
292
295
298
299
301
305
307
309
310
311
312
313
316
317
318
321
324
325
326
330
331
333
335
339
341
343
344
345
346
350
351
353
354
355
357
358
360
362
364
365
369
371
372
373
377
379
380
381
382
383
384
386
387
388
389
390
391
392
393
394
395
396
397
399
401
402
403
404
406
408
412
413
415
417
418
419
422
423
424
427
428
429
431
432
436
439
441
442
443
444
447
449
450
451
453
456
457
461
468
470
471
473
474
479
480
482
486
487
488
489
490
491
492
493
494
495
496
498
499
502
504
505
506
507
508
512
513
514
515
517
521
524
525
527
530
533
534
537
538
540
541
543
549
550
551
556
561
562
563
566
574
576
577
578
579
580
581
582
584
586
587
589
590
591
594
595
597
601
603
604
605
606
607
608
609
614
617
618
619
620
624
625
626
630
632
633
634
636
639
641
642
643
644
645
647
648
649
653
654
656
657
658
660
661
663
665
666
669
671
672
674
679
680
682
687
688
690
691
693
694
697
698
700
703
706
709
710
711
717
718
719
720
721
722
724
725
726
728
729
731
732
733
734
735
736
737
739
741
742
752
753
754
756
757
760
761
765
768
769
770
771
774
776
778
779
780
781
786
789
790
793
796
799
800
801
802
804
805
806
807
809
811
812
813
815
816
818
823
826
829
832
833
834
836
838
840
841
842
843
844
849
850
852
858
861
862
864
865
866
867
869
870
871
872
873
874
876
877
878
880
881
883
884
885
886
887
888
889
890
891
894
897
898
900
903
905
907
908
911
912
915
917
918
921
922
925
926
929
933
934
935
936
938
940
941
942
944
946
947
948
949
950
951
954
958
960
961
962
965
968
971
973
976
980
981
982
983
986
988
989
990
991
995
998
999
1001
1003
1004
1006
1008
1015
1016
1018
1022
1025
1026
1027
1028
1029
1030
1033
1035
1036
1038
1043
1045
1053
1054
1056
1057
1058
1059
1060
1061
1063
1064
1066
1068
1071
1073
1074
1075
1078
1081
1082
1083
1084
1085
1086
1087
1092
1093
1094
1095
1098
1100
1101
1102
1110
1111
1112
1113
1115
1116
1117
1119
1121
1122
1123
1130
1131
1132
1133
1137
1139
1141
1142
1144
1145
1146
1150
1152
1154
1155
1156
1158
1159
1160
1162
1163
1164
1165
1166
1167
1168
1169
1172
1173
1176
1180
1181
1183
1184
1188
1191
1192
1197
1198
1202
1203
1204
1206
1211
1212
1213
1214
1215
1220
1221
1224
1225
1226
1229
1232
1234
1237
1239
1240
1241
1242
1247
1249
1250
1251
1253
1254
1255
1256
1259
1262
1263
1265
1268
1271
1273
1274
1278
1282
1283
1284
1285
1286
1287
1288
1289
1290
1291
1292
1293
1294
1295
1296
1297
1298
1299
1300
1302
1304
1305
1306
1308
1309
1311
1312
1315
1317
1318
1319
1321
1322
1323
1326
1327
1328
1330
1334
1335
1336
1339
1340
1342
1343
1345
1346
1347
1348
1350
1351
1352
1353
1355
1358
1359
1361
1365
1366
1367
1370
1372
1373
1374
1377
1378
1380
1382
1383
1384
1385
1386
1387
1388
1390
1391
1392
1395
1396
1397
1398
1399
1400
1402
1404
1406
1408
1409
1410
1411
1412
1414
1415
1416
1417
1418
1420
1424
1426
1429
1431
1432
1434
1435
1436
1437
1438
1442
1444
1445
1447
1448
1450
1451
1454
1455
1458
1459
1460
1461
1462
1463
1464
1465
1466
1467
1468
1469
1470
1471
1472
1473
1474
1476
1477
1479
1480
1481
1483
1484
1486
1488
1489
1490
1492
1493
1494
1495
1497
1499
1500
1502
1503
1504
1505
1506
1507
1509
1511
1512
1518
1521
1523
1525
1526
1529
1530
1531
1533
1534
1535
1536
1537
1538
1540
1541
1542
1543
1545
1551
1553
1554
1557
1558
1559
1560
1561
1563
1564
1565
1567
1568
1569
1570
1574
1575
1577
1578
1579
1583
1584
1586
1588
1589
1590
1591
1594
1595
1598
1600
1601
1604
1606
1607
1609
1611
1612
1613
1615
1616
1617
1618
1621
1624
1626
1628
1629
1631
1633
1636
1638
1642
1643
1646
1648
1650
1651
1655
1656
1657
1658
1659
1661
1662
1663
1664
1665
1666
1667
1668
1670
1673
1677
1678
1679
1680
1681
1683
1685
1686
1687
1688
1689
1690
1691
1692
1694
1696
1697
1698
1700
1701
1702
1704
1708
1711
1715
1720
1721
1722
1726
1730
1731
1732
1733
1734
1735
1736
1738
1742
1745
1746
1749
1751
1752
1753
1754
1755
1756
1757
1758
1762
1766
1767
1770
1771
1772
1774
1775
1776
1777
1778
1780
1781
1784
1787
1790
1791
1792
1793
1795
1796
1798
1800
1801
1802
1803
1804
1807
1817
1818
1819
1820
1822
1823
1824
1825
1826
1827
1828
1829
1830
1831
1833
1839
1841
1842
1846
1848
1850
1852
1853
1856
1858
1859
1860
1861
1862
1863
1864
1865
1867
1869
1870
1871
1872
1875
1876
1878
1879
1880
1882
1886
1888
1889
1890
1892
1893
1895
1896
1902
1903
1905
1910
1911
1912
1913
1915
1919
1921
1923
1924
1925
1926
1928
1929
1940
1941
1942
1943
1944
1945
1947
1952
1955
1956
1957
1958
1959
1960
1962
1964
1966
1967
1969
1970
1972
1973
1976
1977
1979
1980
1981
1983
1987
1988
1989
1991
1994
1995
1996
1999
2000
2001
2002
2003
2005
2006
2007
2010
2012
2013
2014
2016
2017
2021
2022
2024
2026
2027
2030
2031
2032
2033
2034
2036
2037
2039
2040
2042
2043
2044
2047
2048
2049
2051
2053
2055
2056
2061
2062
2063
2065
2066
2068
2069
2070
2072
2073
2074
2075
2077
2078
2079
2080
2082
2084
2086
2087
2088
2089
2090
2092
2093
2094
2096
2097
2098
2099
2102
2103
2107
2108
2110
2111
2113
2117
2118
2122
2124
2125
2128
2129
2130
2132
2133
2134
2135
2136
2137
2138
2139
2140
2141
2142
2143
2144
2145
2147
2148
2149
2150
2152
2154
2157
2159
2160
2162
2163
2164
2167
2168
2169
2171
2172
2174
2175
2176
2180
2182
2183
2184
2185
2186
2188
2189
2193
2194
2195
2197
2198
2199
2200
2202
2203
2204
2205
2206
2208
2209
2211
2212
2213
2217
2218
2219
2220
2221
2223
2224
2226
2228
2230
2231
2232
2233
2235
2238
2239
2240
2241
2242
2244
2246
2248
2249
2250
2251
2252
2254
2257
2258
2259
2261
2262
2263
2266
2267
2268
2269
2272
2273
2274
2275
2276
2277
2279
2280
2281
2283
2284
2285
2287
2290
2291
2292
2295
2296
2298
2299
2303
2304
2307
2308
2309
2311
2314
2315
2317
2322
2324
2325
2326
2327
2328
2330
2331
2333
2334
2336
2338
2339
2342
2343
2344
2345
2346
2347
2350
2351
2353
2354
2356
2357
2358
2359
2360
2362
2363
2364
2365
2366
2367
2369
2371
2372
2377
2378
2380
2381
2382
2383
2385
2388
2390
2391
2394
2396
2401
2402
2403
2404
2405
2406
2407
2408
2409
2410
2411
2413
2414
2416
2417
2418
2419
2421
2422
2423
2424
2425
2428
2430
2432
2433
2435
2436
2437
2439
2440
2443
2444
2452
2457
2459
2460
2461
2464
2466
2467
2468
2469
2470
2472
2474
2476
2477
2478
2480
2486
2488
2489
2491
2492
2493
2495
2498
2499
2501
2502
2504
2505
2507
2510
2511
2513
2515
2516
2517
2519
2520
2524
2528
2530
2531
2533
2534
2536
2537
2538
2542
2544
2546
2547
2553
2554
2555
2556
2558
2559
2561
2563
2564
2570
2571
2572
2573
2574
2575
2577
2578
2579
2581
2582
2583
2584
2585
2586
2588
2589
2591
2593
2594
2595
2596
2597
2598
2600
2601
2602
2604
2609
2610
2612
2613
2614
2615
2617
2618
2619
2620
2622
2624
2625
2626
2627
2630
2632
2633
2635
2636
2640
2642
2643
2644
2646
2647
2648
2650
2651
2653
2656
2658
2660
2661
2662
2663
2670
2671
2672
2675
2676
2677
2678
2679
2681
2683
2685
2687
2690
2691
2693
2694
2695
2696
2700
2702
2704
2705
2706
2707
2708
2709
2713
2714
2715
2716
2717
2718
2719
2720
2723
2724
2725
2727
2733
2735
2736
2738
2739
2740
2741
2742
2743
2745
2747
2748
2751
2756
2757
2758
2761
2762
2763
2764
2765
2766
2767
2768
2769
2771
2774
2775
2776
2779
2782
2784
2785
2787
2788
2789
2793
2794
2796
2800
2805
2807
2809
2813
2816
2819
2821
2822
2823
2825
2827
2828
2833
2834
2835
2839
2840
2841
2843
2844
2848
2849
2850
2854
2855
2857
2858
2859
2861
2862
2863
2865
2866
2867
2868
2869
2871
2874
2875
2876
2878
2880
2883
2884
2885
2886
2889
2890
2891
2892
2893
2894
2895
2896
2898
2899
2900
2901
2902
2905
2907
2909
2910
2911
2912
2913
2915
2917
2918
2920
2922
2924
2925
2928
2930
2932
2933
2934
2936
2937
2938
2940
2943
2944
2946
2947
2948
2950
2951
2952
2955
2956
2957
2958
2960
2962
2963
2967
2969
2972
2974
2980
2982
2983
2984
2986
2987
2989
2990
2991
2992
2994
2995
2996
3002
3003
3004
3007
3008
3010
3011
3013
3014
3019
3020
3024
3026
3028
3030
3031
3033
3034
3035
3037
3038
3039
3040
3044
3046
3047
3050
3051
3052
3056
3057
3060
3063
3065
3066
3067
3068
3069
3070
3071
3072
3073
3074
3075
3076
3078
3079
3080
3085
3086
3087
3090
3091
3092
3095
3096
3098
3100
3101
3102
3104
3106
3107
3109
3110
3112
3113
3114
3115
3116
3118
3122
3124
3127
3128
3130
3132
3133
3134
3135
3136
3137
3138
3141
3142
3143
3145
3146
3147
3148
3150
3151
3153
3154
3160
3161
3163
3165
3166
3170
3171
3174
3175
3177
3178
3180
3181
3183
3184
3185
3187
3188
3189
3190
3195
3197
3198
3199
3200
3201
3202
3204
3205
3206
3207
3210
3211
3212
3213
3215
3218
3219
3220
3221
3222
3223
3224
3226
3228
3231
3232
3234
3235
3236
3237
3239
3243
3244
3245
3248
3249
3251
3252
3253
3254
3255
3256
3257
3259
3261
3262
3263
3264
3265
3266
3268
3271
3273
3275
3276
3277
3278
3279
3280
3282
3283
3286
3288
3289
3292
3293
3295
3296
3297
3298
3299
3300
3301
3303
3304
3306
3310
3313
3315
3317
3320
3322
3323
3324
3325
3326
3327
3328
3330
3332
3333
3334
3340
3341
3342
3343
3344
3345
3346
3348
3349
3351
3356
3357
3358
3359
3360
3362
3363
3364
3365
3367
3369
3373
3374
3376
3377
3379
3380
3381
3383
3384
3388
3390
3392
3393
3394
3396
3397
3398
3399
3401
3408
3409
3410
3411
3414
3417
3419
3420
3421
3422
3423
3424
3426
3429
3430
3431
3432
3436
3437
3438
3439
3440
3441
3442
3445
3448
3449
3451
3452
3455
3456
3458
3459
3460
3461
3464
3465
3466
3469
3470
3471
3472
3473
3476
3479
3482
3484
3486
3487
3488
3489
3491
3492
3493
3494
3495
3497
3498
3499
3506
3508
3509
3512
3513
3516
3517
3518
3519
3522
3524
3527
3528
3529
3532
3535
3537
3538
3539
3541
3543
3547
3552
3553
3554
3558
3559
3560
3563
3564
3566
3568
3570
3571
3572
3577
3578
3583
3584
3586
3587
3588
3591
3592
3593
3594
3595
3596
3597
3599
3600
3601
3604
3606
3610
3612
3613
3614
3615
3621
3624
3625
3627
3628
3629
3631
3632
3633
3634
3637
3638
3639
3640
3641
3642
3643
3645
3646
3647
3649
3650
3651
3653
3654
3657
3658
3659
3660
3661
3662
3665
3668
3669
3670
3671
3682
3683
3685
3686
3688
3689
3690
3691
3694
3695
3696
3699
3701
3703
3704
3706
3708
3710
3711
3713
3714
3715
3717
3720
3725
3732
3734
3735
3736
3739
3742
3743
3744
3745
3747
3748
3750
3751
3752
3753
3754
3755
3756
3757
3759
3760
3761
3764
3766
3768
3769
3770
3771
3773
3775
3776
3778
3779
3781
3782
3784
3785
3786
3787
3788
3790
3795
3797
3798
3799
3800
3801
3803
3804
3806
3809
3810
3811
3812
3814
3815
3816
3820
3821
3822
3823
3824
3825
3826
3828
3829
3833
3834
3835
3837
3839
3840
3841
3842
3843
3844
3846
3848
3849
3851
3854
3855
3856
3859
3860
3861
3862
3864
3865
3867
3868
3869
3872
3873
3876
3878
3879
3880
3882
3883
3884
3885
3886
3887
3889
3890
3891
3893
3894
3895
3896
3897
3901
3902
3903
3905
3908
3910
3912
3913
3915
3916
3919
3921
3923
3924
3925
3928
3929
3930
3933
3937
3938
3939
3942
3944
3946
3948
3951
3953
3956
3958
3960
3962
3963
3966
3968
3970
3971
3974
3977
3981
3985
3992
3996
3997
3998
